list(reportcAdj= structure( .Data =c(
1,	1,	1,	1,	1,	1,
1,	1,	1,	1,	1,	0.99,
1,	1,	1,	1,	0.99,	0.971,
1,	1,	1,	0.99,	0.971,	0.968,
1,	1,	0.99,	0.971,	0.968,	0.942,
1,	0.99,	0.971,	0.968,	0.942,	0.901,
1,	0.971,	0.968,	0.942,	0.901,	0.881,
1,	0.968,	0.942,	0.901,	0.881,	0.858,
1,	0.942,	0.901,	0.881,	0.858,	0.879,
1,	0.901,	0.881,	0.858,	0.879,	0.913,
1,	0.881,	0.858,	0.879,	0.913,	0.92,
1,	0.858,	0.879,	0.913,	0.92,	0.912,
1,	0.879,	0.913,	0.92,	0.912,	0.938,
1,	0.913,	0.92,	0.912,	0.938,	0.925,
1,	0.92,	0.912,	0.938,	0.925,	0.92,
1,	0.912,	0.938,	0.925,	0.92,	0.917,
1,	0.938,	0.925,	0.92,	0.917,	0.96,
1,	0.925,	0.92,	0.917,	0.96,	0.972,
1,	0.92,	0.917,	0.96,	0.972,	0.967,
1,	0.917,	0.96,	0.972,	0.967,	0.971,
1,	0.96,	0.972,	0.967,	0.971,	0.957,
1,	0.972,	0.967,	0.971,	0.957,	0.957,
1,	0.967,	0.971,	0.957,	0.957,	0.964,
1,	0.971,	0.957,	0.957,	0.964,	0.963,
1,	0.957,	0.957,	0.964,	0.963,	0.968,
1,	0.957,	0.964,	0.963,	0.968,	0.963,
1,	0.964,	0.963,	0.968,	0.963,	0.965,
1,	0.963,	0.968,	0.963,	0.965,	0.963,
1,	0.968,	0.963,	0.965,	0.963,	0.964,
1,	0.963,	0.965,	0.963,	0.964,	0.953,
1,	0.965,	0.963,	0.964,	0.953,	0.943,
1,	0.963,	0.964,	0.953,	0.943,	0.95,
1,	0.964,	0.953,	0.943,	0.95,	0.95,
1,	0.953,	0.943,	0.95,	0.95,	0.95,
1,	0.943,	0.95,	0.95,	0.95,	0.95,
1,	0.95,	0.95,	0.95,	0.95,	0.95,
1,	0.95,	0.95,	0.95,	0.95,	0.95,
1,	0.95,	0.95,	0.95,	0.95,	0.95,
1,	0.95,	0.95,	0.95,	0.95,	0.95
), .Dim = c(39,6)))
