list(sealMort= structure( .Data = c(
1,	1,	1,	1.118,	1.25,	1.397,
1,	1,	1.118,	1.25,	1.397,	1.562,
1,	1.118,	1.25,	1.397,	1.562,	1.747,
1,	1.25,	1.397,	1.562,	1.747,	1.953,
1,	1.397,	1.562,	1.747,	1.953,	2.183,
1,	1.562,	1.747,	1.953,	2.183,	2.441,
1,	1.747,	1.953,	2.183,	2.441,	2.729,
1,	1.953,	2.183,	2.441,	2.729,	3.051,
1,	2.183,	2.441,	2.729,	3.051,	3.411,
1,	2.441,	2.729,	3.051,	3.411,	3.813,
1,	2.729,	3.051,	3.411,	3.813,	4.263,
1,	3.051,	3.411,	3.813,	4.263,	4.766,
1,	3.411,	3.813,	4.263,	4.766,	5.329,
1,	3.813,	4.263,	4.766,	5.329,	5.958,
1,	4.263,	4.766,	5.329,	5.958,	6.661,
1,	4.766,	5.329,	5.958,	6.661,	6.967,
1,	5.329,	5.958,	6.661,	6.967,	7.287,
1,	5.958,	6.661,	6.967,	7.287,	7.623,
1,	6.661,	6.967,	7.287,	7.623,	7.973,
1,	6.967,	7.287,	7.623,	7.973,	8.34,
1,	7.287,	7.623,	7.973,	8.34,	8.724,
1,	7.623,	7.973,	8.34,	8.724,	9.125,
1,	7.973,	8.34,	8.724,	9.125,	9.545,
1,	8.34,	8.724,	9.125,	9.545,	9.984,
1,	8.724,	9.125,	9.545,	9.984,	9.984,
1,	9.125,	9.545,	9.984,	9.984,	9.984,
1,	9.545,	9.984,	9.984,	9.984,	9.984,
1,	9.984,	9.984,	9.984,	9.984,	9.984,
1,	9.984,	9.984,	9.984,	9.984,	9.984,
1,	9.984,	9.984,	9.984,	9.984,	9.984,
1,	9.984,	9.984,	9.984,	9.984,	9.984,
1,	9.984,	9.984,	9.984,	9.984,	9.984,
1,	9.984,	9.984,	9.984,	9.984,	9.984,
1,	9.984,	9.984,	9.984,	9.984,	9.984,
1,	9.984,	9.984,	9.984,	9.984,	9.984,
1,	9.984,	9.984,	9.984,	9.984,	9.984,
1,	9.984,	9.984,	9.984,	9.984,	9.984,
1,	9.984,	9.984,	9.984,	9.984,	9.984,
1,	9.984,	9.984,	9.984,	9.984,	9.984
), .Dim = c(39,6)))
